x = [1,2,3,4];
y = [9,8,7];
z = [6;4;8];